3032
1287
1080
4068
3214
2038
1198
1143
2029
1197
1284
1068
3184
2046
1022
3227
2039
1167
1204
2032
1278
1241
4097
4054
3110
1182
2047
4081
1106
1225
1081
3132
1260
4110
2027
4009
1262
2004
1231
1161
4062
4071
3166
3246
1267
1124
3112
1121
4063
3125
3159
3144
4019
3016
3102
3084
1276
4016
1280
1254
4075
3191
2054
1200
3077
2017
4020
2031
3015
1040
3213
3099
3006
4049
1110
2040
3196
1222
3190
1175
4021
4031
3105
3076
1107
3226
1013
1202
2021
2050
3207
3052
1214
3174
3198
3217
4122
1232
4095
2024
2023
4144
1279
2049
1249
3074
2003
